10,176
10,66
10,102
10,204
10,4
10,86
10,78
11,6
11,16
11,24
11,26
11,18
11,28
11,4
9,4
9,6
8,18
8,4
8,17
8,7
51,4
51,3
51,2
51,1
51,0
49,3
49,2
49,1
49,0
48,5
48,4
48,3
48,2
48,1
48,0
47,4
47,3
47,2
47,1
47,0
46,4
46,3
46,2
46,1
46,0
45,4
45,3
45,2
45,1
45,0
20,2
20,1
12,3
12,2
20,3
12,1
11,27
11,21
11,19
19,2
19,1
11,15
11,9
11,7
11,5
11,3
11,2
19,3
11,1
10,311
10,231
10,215
10,211
10,207
18,1
10,117
18,3
10,107
14,1
10,77
10,3
10,2
14,3
13,1
10,1
9,7
13,3
9,5
9,3
9,2
9,1
8,15
8,12
8,11
8,10
8,9
8,6
8,5
8,3
8,2
8,1
3,3
3,2
3,1
2,2
2,3
